6663
6550
4015
3448
3383
2720
2240
2147
2029
2004
1937
1930
1839
1655
1564
1497
1450
1200
1177
1069
1054
1045
1014
985
961
947
895
861
854
849
831
779
774
771
674
647
623
560
538
527
507
504
495
448
447
443
439
427
416
416
415
410
378
361
359
357
350
346
335
332
321
317
314
308
296
286
285
283
276
261
261
258
258
253
252
251
247
236
235
231
230
229
226
225
214
212
208
207
200
197
189
187
185
181
178
177
170
169
161
151
151
148
147
145
145
144
143
142
141
136
135
127
127
126
125
124
123
121
117
117
114
111
111
110
110
109
108
108
106
106
104
103
100
100
98
97
96
96
96
94
94
94
93
92
91
91
90
90
90
90
90
90
90
88
86
86
85
85
85
83
83
83
83
82
80
79
79
78
77
71
70
70
69
69
69
68
68
67
65
64
64
64
64
63
63
60
59
58
58
58
57
57
56
56
56
56
56
55
55
54
54
54
54
52
52
51
50
50
49
48
48
48
47
46
46
46
46
46
46
45
45
45
45
44
44
44
42
41
41
40
40
40
40
40
39
39
38
37
37
36
35
34
34
34
33
33
33
32
32
32
32
32
31
31
30
30
30
29
29
29
29
29
29
28
28
28
27
27
27
26
26
26
26
26
26
26
25
25
25
25
24
24
24
24
24
24
23
23
23
23
23
23
23
23
22
22
22
22
22
22
21
21
21
20
20
20
20
20
20
20
20
19
19
19
19
19
19
18
18
18
18
18
18
17
17
17
17
17
17
17
16
16
16
16
16
16
15
15
15
14
14
14
14
14
14
14
14
14
13
13
13
13
13
12
12
12
12
12
12
12
12
12
12
12
12
12
12
11
11
11
11
11
11
11
11
11
11
11
11
11
11
10
10
10
10
10
10
10
10
10
10
10
10
10
10
9
9
9
9
9
9
9
9
9
9
9
9
9
8
8
8
8
8
8
8
8
8
8
8
8
8
8
8
8
8
8
8
7
7
7
7
7
7
7
7
7
7
7
7
7
7
7
7
7
7
7
7
7
7
7
7
6
6
6
6
6
6
6
6
6
6
6
6
6
6
6
6
6
6
5
5
5
5
5
5
5
5
5
5
5
5
5
5
5
5
5
5
5
5
5
5
5
5
5
5
5
5
5
5
5
5
5
5
5
5
5
4
4
4
4
4
4
4
4
4
4
4
4
4
4
4
4
4
4
4
4
4
4
4
4
4
4
4
4
3
3
3
3
3
3
3
3
3
3
3
3
3
3
3
3
3
3
3
3
3
3
3
3
3
3
3
3
3
3
3
3
3
3
3
3
2
2
2
2
2
2
2
2
2
2
2
2
2
2
2
2
2
2
2
2
2
2
2
2
2
2
2
2
2
2
2
2
2
2
2
2
2
2
2
2
2
2
2
2
2
2
2
2
2
2
2
2
2
2
2
2
2
2
2
2
2
2
1
1
1
1
1
1
1
1
1
1
1
1
1
1
1
1
1
1
1
1
1
1
1
1
1
1
1
1
1
1
1
1
1
1
1
1
1
1
1
1
1
1
1
1
1
1
1
1
1
1
1
1
1
1
1
1
1
1
1
1
1
1
1
1
1
1
1
1
1
1
1
1
1
1
1
1
1
1
1
1
1
1
1
1
